                   MONTHLY CLIMATOLOGICAL SUMMARY for mar 2019


NAME: Malaga Santander, Colombia                  
ELEV: 2200 meters    LAT: 06-42.23 N    LONG: 072-43.79 W


                   TEMPERATURE (C), RAIN (cm), WIND SPEED (km/h)

                                         HEAT   COOL         AVG
      MEAN                               DEG    DEG          WIND                   DOM
DAY   TEMP   HIGH   TIME    LOW   TIME   DAYS   DAYS   RAIN  SPEED   HIGH   TIME    DIR
---------------------------------------------------------------------------------------
 01
 02
 03
 04
 05
 06
 07
 08
 09
 10
 11
 12
 13
 14
 15
 16
 17
 18   21,4   29,6  12:59   16,0  23:33    0,0    3,0   0,14    2,2   20,9  11:15     63
 19   17,5   24,5  13:18   14,5  23:31    0,8    0,0   0,74    1,1   14,5  12:34     59
 20   16,3   21,6  12:20   13,5  00:00    2,1    0,0   0,80    0,6   11,3  08:45     71
 21   16,3   23,3  12:02   12,6  02:00    2,0    0,0   1,24    0,9   14,5  15:51     56
 22   16,7   23,0  11:52   14,3  00:20    1,7    0,0   0,20    0,8   14,5  14:42    124
 23   16,9   21,9  11:13   13,9  02:45    1,5    0,0   0,06    0,5   11,3  11:16     57
 24   16,2   26,2  13:25   11,7  23:28    2,1    0,0   1,06    1,4   24,1  14:50    105
 25   17,1   26,2  14:21   10,9  03:02    1,3    0,0   0,42    1,3   24,1  17:42     78
 26   18,4   24,8  11:17   13,3  06:03    0,0    0,0   0,22    1,5   12,9  10:33     80
 27
 28
 29
 30
 31
---------------------------------------------------------------------------------------
      17,2   29,6     18   10,9     25   11,4    3,1   4,88    1,1   24,1     24     76
    
