                     CLIMATOLOGICAL SUMMARY for year 2019


NAME: Malaga Santander, Colombia                  
ELEV: 2200 meters    LAT: 06-42.23 N    LONG: 072-43.79 W


                                       TEMPERATURE (C)

                              HEAT    COOL                              MAX    MAX    MIN    MIN
          MEAN   MEAN         DEG     DEG                                >=     <=     <=     <=
 YR  MO   MAX    MIN    MEAN  DAYS    DAYS      HI  DAY     LOW  DAY     30      0      0    -20
------------------------------------------------------------------------------------------------
2019 01   25,6   13,5   18,6    3,7    3,8    29,4   01    12,7   05      0      0      0      0
2019 02
2019 03   24,6   13,4   17,2   11,4    3,1    29,6   18    10,9   25      0      0      0      0
2019 04
2019 05
2019 06
2019 07
2019 08
2019 09
2019 10
2019 11
2019 12
------------------------------------------------------------------------------------------------
          25,0   13,5   17,8   15,1    6,9    29,6  mar    10,9  mar      0      0      0      0


                  PRECIPITATION (cm)

                  MAX         ---DAYS OF RAIN---
                  OBS.               OVER
 YR  MO  TOTAL    DAY  DATE   0.03   0.30   3.00
------------------------------------------------
2019 01   0,68   0,44    01      3      1      0
2019 02
2019 03   4,88   1,24    21      9      5      0
2019 04
2019 05
2019 06
2019 07
2019 08
2019 09
2019 10
2019 11
2019 12
------------------------------------------------
          5,56   1,24   mar     12      6      0


           WIND SPEED (km/h)

                                DOM
 YR  MO    AVG     HI   DATE    DIR
-----------------------------------
2019 01    1,2   25,7     01     81
2019 02
2019 03    1,1   24,1     24     76
2019 04
2019 05
2019 06
2019 07
2019 08
2019 09
2019 10
2019 11
2019 12
-----------------------------------
           1,2   25,7    ene     78
